Random Forest:

20,5:
		0.9756148726851852
[0.         0.         0.14390545 0.34346103 0.11763047 0.06409999
 0.05303432 0.03421559 0.21497738 0.02769919]


50, 15:

		0.9766637731481481
[0.         0.         0.16024265 0.28790378 0.11401531 0.06128551
 0.04900194 0.05997859 0.22089587 0.04569978]



Gradient Boost (50,10):

0.96484375
[0.         0.         0.07083652 0.47690962 0.22171559 0.04735951
 0.0207906  0.03871492 0.10878978 0.01390691]


50,15:

0.9654610339506173
[0.         0.         0.07214948 0.4780851  0.21965225 0.04037507
 0.0204119  0.04412152 0.10614121 0.0180869 ]


Features: 'Flux_Density' 'Unc_Energy_Flux100' 'Spectral_Index_old' 'Signif_curve'
 'var' 'hr12' 'hr23' 'hr34' 'hr45' 'GLAT'



Final:

RF: 
[0.         0.         0.12175483 0.31275852 0.12043591 0.05111292
 0.05638961 0.05732629 0.23457235 0.04564958]
BDt: [0.         0.         0.06658423 0.48456417 0.24099349 0.03211397
 0.02299873 0.03796985 0.0929924  0.02178315]

BDT 200,2: [0.         0.         0.07991929 0.51541969 0.25816176 0.01736526
 0.03636517 0.01026786 0.06048953 0.02201143]